0.4356803894042969
2.220654249191284
0.44034790992736816
2.256643533706665
0.5505995750427246
2.2721385955810547
0.44634532928466797
2.2289273738861084
0.38428688049316406
2.2489678859710693
0.511610746383667
2.209148406982422
0.41150927543640137
2.2436182498931885
0.4234604835510254
2.2639412879943848
0.41791653633117676
2.236318349838257
0.42175912857055664
2.2281157970428467
0.32340168952941895
2.224215269088745
0.4112405776977539
2.271446943283081
0.49308085441589355
2.21405291557312
0.42764878273010254
2.277946710586548
0.4355924129486084
2.258667230606079
0.3830101490020752
2.2626798152923584
0.3962843418121338
2.2797086238861084
0.38422131538391113
2.240370512008667
0.41018199920654297
2.2613883018493652
0.42053937911987305
2.2627687454223633
0.4177422523498535
2.235133647918701
0.43818020820617676
2.2377352714538574
0.4240603446960449
2.241629123687744
0.41331028938293457
2.2400710582733154
0.4964289665222168
2.270836353302002
0.5609910488128662
2.2463555335998535
0.3491501808166504
2.227752208709717
0.37537121772766113
2.2210311889648438
0.4742753505706787
2.2124860286712646
0.42140889167785645
2.2714428901672363
0.4335765838623047
2.2299816608428955
0.4313337802886963
2.2348270416259766
0.574552059173584
2.247943162918091
0.39441943168640137
2.221402883529663
0.3881077766418457
2.227304458618164
0.375622034072876
2.2340192794799805
0.40352678298950195
2.2647414207458496
0.41876959800720215
2.237504482269287
0.4067516326904297
2.226044178009033
0.4648399353027344
2.254197835922241
0.3641397953033447
2.2452280521392822
0.37501096725463867
2.26888370513916
0.39621424674987793
2.2534091472625732
0.5847818851470947
2.239952564239502
0.37115478515625
2.251826286315918
0.42281079292297363
2.266977548599243
0.37451958656311035
2.2657418251037598
0.39957499504089355
2.321134090423584
0.40377330780029297
2.254960536956787
0.557337760925293
2.26556134223938
0.4098834991455078
2.2665727138519287
0.34795117378234863
2.301722526550293
0.4157378673553467
2.227020740509033
0.42898011207580566
2.2732694149017334
0.4032306671142578
2.3080718517303467
0.5453622341156006
2.3065662384033203
0.40915679931640625
2.2382733821868896
0.4104487895965576
2.3043200969696045
0.41794896125793457
2.337768316268921
0.4264187812805176
2.236849546432495
0.41379547119140625
2.247952699661255
0.4042224884033203
2.2775378227233887
0.3799145221710205
2.231832504272461
0.35576963424682617
2.283486843109131
0.5663526058197021
2.2842299938201904
0.5608718395233154
2.2363128662109375
0.3984415531158447
2.300501585006714
0.375046968460083
2.249992847442627
0.4320371150970459
2.260507106781006
0.3917090892791748
2.2334728240966797
0.4124767780303955
2.2295172214508057
0.40522193908691406
2.234938144683838
0.3778221607208252
2.237471103668213
0.4126760959625244
2.2575182914733887
0.3469572067260742
2.227459192276001
0.4306507110595703
2.249375343322754
0.3352541923522949
2.2273201942443848
0.4210491180419922
2.2681095600128174
0.46247196197509766
2.243807554244995
0.5707416534423828
2.250199556350708
0.528010368347168
2.2403290271759033
0.44675374031066895
2.2341907024383545
0.42203283309936523
2.2356927394866943
0.42804551124572754
2.22759747505188
0.4147167205810547
2.2937862873077393
0.5637595653533936
2.258571147918701
0.4287440776824951
2.220984935760498
0.5044517517089844
2.275897979736328
0.43668222427368164
2.281217336654663
0.3246181011199951
2.304551124572754
0.426403284072876
2.257352113723755
0.48467278480529785
2.312133312225342
0.5591163635253906
2.231715202331543
0.483684778213501
2.220649242401123
0.5062201023101807
2.26175856590271
0.39939022064208984
2.2661759853363037
0.4202084541320801
2.2451331615448
0.422792911529541
2.2588179111480713
0.3937211036682129
2.2799994945526123
0.5314881801605225
2.2594962120056152
0.5578734874725342
2.2262332439422607
0.5411984920501709
2.243720769882202
0.418043851852417
2.252842426300049
0.3670847415924072
2.2360680103302
0.40995121002197266
2.2311394214630127
0.41901445388793945
2.292510986328125
0.429105281829834
2.2717690467834473
0.379638671875
2.240072250366211
0.41875314712524414
2.2469241619110107
0.4059898853302002
2.234881639480591
0.41618919372558594
2.289109945297241
0.38918399810791016
2.2806386947631836
0.4163031578063965
2.3313467502593994
0.418306827545166
2.2805259227752686
0.42011117935180664
2.245486259460449
0.4249389171600342
2.2412219047546387
0.38358521461486816
2.256882429122925
0.4079720973968506
2.267686128616333
0.483506441116333
2.2661240100860596
0.42508721351623535
2.2730984687805176
0.3376007080078125
2.227881908416748
0.40250635147094727
2.2521114349365234
0.5550310611724854
2.2829885482788086
0.43365979194641113
2.2341582775115967
0.41464686393737793
2.257401943206787
0.4189629554748535
2.237028121948242
0.4366586208343506
2.271423101425171
0.41780829429626465
2.2438125610351562
0.4003791809082031
2.2610716819763184
0.39154553413391113
2.2724881172180176
0.40094542503356934
2.2392218112945557
0.35932064056396484
2.2646191120147705
0.42642974853515625
2.236107349395752
0.44014763832092285
2.225905418395996
0.4289219379425049
2.2600998878479004
0.40652966499328613
2.283740282058716
0.41417503356933594
2.253086566925049
0.4022839069366455
2.268477201461792
0.4077579975128174
2.249401569366455
0.4150981903076172
2.25858473777771
0.36675596237182617
2.263479709625244
0.43391942977905273
2.222410202026367
0.5152676105499268
2.2427687644958496
0.40707850456237793
2.232430934906006
0.4113626480102539
2.2465262413024902
0.41915249824523926
2.2693588733673096
0.4364025592803955
2.2364375591278076
0.4190492630004883
2.250074863433838
0.39197802543640137
2.3042922019958496
0.42235422134399414
2.2737832069396973
0.45853376388549805
2.238800048828125
0.4525034427642822
2.2988526821136475
0.43157124519348145
2.2828421592712402
0.42868852615356445
2.296203136444092
0.4150731563568115
2.290149211883545
0.49471020698547363
2.26387357711792
0.40618133544921875
2.2781832218170166
0.4204134941101074
2.244868278503418
0.42479419708251953
2.258664131164551
0.33832335472106934
2.2357583045959473
0.41696786880493164
2.2563672065734863
0.4251060485839844
2.253192186355591
0.379549503326416
2.2779667377471924
0.3716721534729004
2.263996124267578
0.40583157539367676
2.2516136169433594
0.3738222122192383
2.2823326587677
0.3922996520996094
2.2594823837280273
0.4234306812286377
2.2391397953033447
0.37801694869995117
2.2650790214538574
0.4136042594909668
2.2292041778564453
0.4147305488586426
2.269192934036255
0.4157743453979492
2.2721028327941895
0.5532848834991455
2.2224936485290527
0.3675556182861328
2.2619333267211914
0.41443538665771484
2.271087408065796
0.4062173366546631
2.2753970623016357
0.4053966999053955
2.3232228755950928
0.37399744987487793
2.2839531898498535
0.5607912540435791
2.243717670440674
0.41904664039611816
2.2398786544799805
0.5726363658905029
2.2472565174102783
0.43550705909729004
2.267463445663452
0.4578745365142822
2.2485511302948
0.3983747959136963
2.2809035778045654
0.4029116630554199
2.270123243331909
0.4200267791748047
2.2459123134613037
0.4284384250640869
2.239149332046509
0.37386250495910645
2.245175361633301
0.41420459747314453
2.2382655143737793
0.4310300350189209
2.2616372108459473
0.40491151809692383
2.270602226257324
0.409698486328125
2.255228281021118
0.4169807434082031
2.2519493103027344
0.41042447090148926
2.231060743331909
0.41263699531555176
2.2423460483551025
0.42688775062561035
2.2339015007019043
0.396742582321167
2.253127336502075
0.4232795238494873
2.2383785247802734
0.5664398670196533
2.2391607761383057
0.45551180839538574
2.297691583633423
0.426983118057251
2.254852294921875
0.5726833343505859
2.261632204055786
0.4070703983306885
2.234186887741089
0.3869667053222656
2.270416498184204
0.4169163703918457
2.234344720840454
0.5718264579772949
2.26100754737854
0.43221187591552734
2.221337080001831
0.5299010276794434
2.30318546295166
0.4186666011810303
2.2337610721588135
0.3953282833099365
2.238049268722534
0.39478492736816406
2.245241403579712
0.3860354423522949
2.2664599418640137
0.40089941024780273
2.275758981704712
0.5244617462158203
2.272273063659668
0.38084840774536133
2.255906820297241
0.3900754451751709
2.2921390533447266
0.42244935035705566
2.2319860458374023
0.4303865432739258
2.2464723587036133
0.5659751892089844
2.2473957538604736
0.562187910079956
2.279522657394409
0.42725586891174316
2.252251148223877
0.44188976287841797
2.2646138668060303
0.4285774230957031
2.274660587310791
0.36806797981262207
2.258704900741577
0.42260169982910156
2.2315118312835693
0.4226264953613281
2.2633564472198486
0.43903636932373047
2.2676265239715576
0.4066293239593506
2.2775776386260986
0.45075416564941406
2.2295594215393066
0.4359290599822998
2.2266061305999756
0.4392740726470947
2.270578384399414
0.40762925148010254
2.251164674758911
0.43791627883911133
2.2641494274139404
