1.9167201519012451
0.44007372856140137
1.9537005424499512
0.49868106842041016
2.102489948272705
0.4686424732208252
1.9496793746948242
0.4877617359161377
1.9887607097625732
0.4889395236968994
1.9412360191345215
0.482741117477417
1.9724984169006348
0.5721824169158936
1.9361844062805176
0.43609619140625
2.073403835296631
0.48690247535705566
1.9341778755187988
0.5109598636627197
1.9330410957336426
0.5585436820983887
1.987489938735962
0.5020956993103027
1.929621696472168
0.5048274993896484
1.9340283870697021
0.4828982353210449
1.955712080001831
0.5032079219818115
1.9473116397857666
0.4145512580871582
1.969496250152588
0.48944807052612305
1.9364323616027832
0.48798680305480957
1.9437880516052246
0.5501625537872314
1.9517934322357178
0.48992443084716797
1.938227653503418
0.4878354072570801
1.9530835151672363
0.4470243453979492
1.971785068511963
0.45099854469299316
1.9637162685394287
0.5054895877838135
1.9115118980407715
0.4870011806488037
1.9432661533355713
0.49690771102905273
1.9271705150604248
0.4755282402038574
1.9811570644378662
0.49497151374816895
1.9275662899017334
0.4810318946838379
1.9400250911712646
0.5012803077697754
1.92146897315979
0.4372854232788086
2.0354084968566895
0.4272477626800537
1.9955439567565918
0.4420003890991211
1.9462275505065918
0.49616503715515137
1.9496214389801025
0.4728672504425049
1.9925858974456787
0.5328319072723389
1.9631783962249756
0.44257140159606934
1.9488928318023682
0.5008885860443115
1.9860014915466309
0.42937350273132324
1.953514575958252
0.4967961311340332
1.9070782661437988
0.4746818542480469
1.950394630432129
0.4938509464263916
1.9496994018554688
0.49028754234313965
1.9707598686218262
0.6376895904541016
1.9464125633239746
0.5003271102905273
1.9485745429992676
0.509788990020752
2.0239570140838623
0.42222118377685547
1.957554578781128
0.6396090984344482
1.983593225479126
0.45285797119140625
1.9473469257354736
0.5005707740783691
1.9860596656799316
0.7340340614318848
2.009467840194702
0.41870665550231934
1.9839367866516113
0.5182857513427734
1.971726417541504
0.5103063583374023
1.9333019256591797
0.687326192855835
1.9881632328033447
0.42788004875183105
1.972562551498413
0.48383092880249023
1.9918146133422852
0.4226360321044922
1.95253586769104
0.5510067939758301
1.9486844539642334
0.4928109645843506
1.9901728630065918
0.4977726936340332
1.9968531131744385
0.41555309295654297
2.0003669261932373
0.51466965675354
2.0139389038085938
0.5127956867218018
2.078528881072998
0.4454915523529053
1.9687178134918213
0.4999423027038574
1.9936838150024414
0.42760229110717773
1.942692518234253
0.5901100635528564
2.5900392532348633
0.6598973274230957
1.9499900341033936
0.6041643619537354
1.967514991760254
0.5269482135772705
1.9985592365264893
0.42701196670532227
1.9632899761199951
0.40226292610168457
1.9494102001190186
0.4968280792236328
1.9589297771453857
0.46585631370544434
1.9961371421813965
0.4814796447753906
1.9823243618011475
0.474912166595459
1.9457249641418457
0.4866030216217041
1.9576005935668945
0.48575687408447266
1.9650325775146484
0.4230611324310303
1.971736192703247
0.5963866710662842
1.9792380332946777
0.4655442237854004
1.9757792949676514
0.4962153434753418
1.9611756801605225
0.38774728775024414
1.9905290603637695
0.48226213455200195
2.1221797466278076
0.6431477069854736
1.961587905883789
0.4718444347381592
2.019160509109497
0.42954182624816895
1.9544575214385986
0.4995746612548828
2.0217342376708984
0.42055249214172363
1.9718754291534424
0.47899603843688965
1.9867849349975586
0.4237997531890869
2.00138783454895
0.43506383895874023
1.9450809955596924
0.47690844535827637
2.0049245357513428
0.45810508728027344
1.9656243324279785
0.4455101490020752
1.982450246810913
0.6705002784729004
1.9999630451202393
0.4943363666534424
2.0000040531158447
0.43388843536376953
1.9676177501678467
0.45847535133361816
